positive\1650158212.069442.jpg 13 1286 569 255 164 1302 478 191 93 1751 461 159 126 1388 415 100 60 1111 429 62 48 1060 414 63 40 1149 404 33 32 1183 395 46 37 869 417 64 45 881 399 55 37 863 388 23 30 1005 392 26 35 1099 385 30 36
positive\1650158217.7605636.jpg 12 845 462 93 64 654 421 87 58 695 390 63 42 714 364 47 39 876 372 54 33 913 409 70 47 995 359 34 47 1039 381 29 47 1074 373 58 44 1216 421 88 79 1028 515 79 138 1532 555 281 152
positive\1650158221.5482407.jpg 12 544 562 160 136 461 762 316 245 1283 741 290 264 1228 470 107 96 1050 397 86 55 993 374 38 38 893 368 55 43 828 388 62 42 737 415 94 61 839 440 62 97 607 392 62 49 653 370 54 45
positive\1650158224.2473745.jpg 8 624 492 99 98 627 441 82 71 733 385 63 44 796 402 53 54 947 480 66 93 1098 585 139 154 1041 411 56 54 962 378 67 40
positive\1650158227.4445179.jpg 6 703 482 121 72 948 682 211 323 1036 399 88 68 916 396 54 51 755 413 55 42 735 386 41 38
positive\1650158229.7915115.jpg 8 742 549 117 90 975 473 87 83 1001 426 80 62 1029 387 67 54 952 394 37 40 831 396 42 40 838 440 71 44 810 384 28 28
positive\1650158233.6184.jpg 6 932 469 94 55 957 393 59 48 916 375 25 27 1106 385 57 45 1129 405 48 50 1098 368 46 29
positive\1650158236.9454296.jpg 10 915 392 32 41 936 363 30 33 1025 391 38 42 1078 359 34 46 1147 380 80 61 1215 443 116 78 1220 534 195 122 890 740 246 127 885 380 18 32 935 443 84 55
positive\1650158243.1619434.jpg 12 787 587 107 161 1290 585 168 104 1059 434 76 72 1076 400 44 46 963 388 37 44 940 374 27 44 831 421 40 49 684 469 104 85 481 449 102 63 632 405 66 48 632 380 54 38 774 376 54 48
positive\1650158246.980848.jpg 7 239 530 225 101 686 480 76 78 630 590 173 167 921 470 119 86 957 443 41 54 1232 509 140 125 371 459 129 67
positive\1650158249.784399.jpg 4 478 595 180 82 415 802 234 202 1046 615 224 169 1405 556 224 161
positive\1650158253.7633257.jpg 5 715 576 121 59 940 605 85 100 1084 546 106 110 1299 537 116 77 1466 641 245 138
positive\1650158256.4853818.jpg 10 582 664 128 136 869 848 209 96 1414 607 138 138 1272 483 124 77 1144 462 88 62 1047 503 82 88 1058 405 63 80 913 405 85 67 767 443 93 62 637 419 97 50
positive\1650158258.0833867.jpg 10 659 431 99 57 581 403 90 54 418 645 203 84 706 803 198 92 1272 592 152 127 1189 463 114 93 1066 442 87 66 982 490 46 93 1010 389 36 64 866 393 68 65
positive\1650158261.1647248.jpg 9 934 421 33 77 924 370 58 58 837 363 60 46 797 318 50 51 747 377 61 64 686 322 68 49 586 460 91 77 429 629 172 134 995 672 121 164
positive\1650158266.9290326.jpg 8 1037 641 75 137 1526 605 196 173 1270 419 57 72 1260 385 46 64 1167 353 46 62 1044 344 54 57 941 418 87 57 956 328 34 45
positive\1650158269.2623513.jpg 10 821 404 78 56 932 342 57 44 858 320 39 48 1059 351 38 48 1132 387 35 39 1082 409 76 52 816 556 67 109 1298 596 108 122 1241 814 108 165 619 938 187 68
positive\1650158271.4261796.jpg 13 549 622 136 77 787 783 158 93 1137 805 99 200 1509 778 228 205 1235 519 116 63 924 594 101 105 1068 469 56 76 986 365 60 52 1015 332 29 53 975 313 25 41 867 312 44 38 709 355 70 46 717 434 54 93
positive\1650158274.4985225.jpg 14 725 623 86 103 734 513 94 65 597 448 87 64 691 372 68 53 859 459 75 71 937 517 52 94 1194 502 66 95 1285 564 90 134 1035 406 79 52 961 376 49 55 929 325 40 40 954 303 29 45 925 281 25 42 695 310 69 41
positive\1650158277.7264469.jpg 14 492 569 77 129 406 482 99 81 560 531 98 56 661 469 84 67 747 523 79 103 1037 515 64 99 1112 576 66 130 957 413 76 54 864 371 36 58 852 323 31 49 877 298 35 54 859 286 23 33 758 281 37 37 591 376 63 52
positive\1650158280.0502837.jpg 12 711 462 70 77 835 547 100 66 742 377 43 64 794 350 33 50 773 319 32 49 773 283 34 35 644 318 54 40 634 293 35 40 427 379 80 58 319 464 117 101 283 700 165 95 865 826 162 173
positive\1650158284.669524.jpg 11 519 467 92 64 189 685 292 128 958 598 77 164 1289 688 106 161 835 476 84 71 937 399 47 73 892 361 48 56 868 307 41 48 798 262 29 42 719 324 43 47 718 369 55 55
positive\1650158288.316222.jpg 8 691 450 69 108 868 436 102 75 764 362 74 47 818 301 43 61 1007 339 32 53 584 723 135 143 1016 626 68 151 1159 842 142 161
positive\1650158291.5073597.jpg 4 790 452 48 87 566 611 134 92 1077 477 58 89 973 757 117 155
positive\1650158294.9713051.jpg 7 882 413 73 58 949 317 71 52 880 303 42 41 729 354 45 64 740 295 49 45 526 359 56 54 414 364 49 57
positive\1650158301.7891207.jpg 10 739 390 42 66 743 448 45 60 658 366 45 60 524 365 54 52 860 310 48 45 945 355 55 52 947 406 73 57 1131 434 60 69 1527 575 228 128 1159 658 102 154
positive\1650158455.745745.jpg 1 826 475 46 76
positive\1650158458.1422005.jpg 1 572 705 121 184
positive\1650158472.2420797.jpg 1 1081 694 84 165
positive\1650158474.13246.jpg 1 868 495 56 76
positive\1650158798.9411619.jpg 4 395 576 167 113 403 487 131 59 138 594 204 106 1 726 106 66
positive\1650158801.904745.jpg 6 576 551 124 94 274 533 159 89 419 463 136 62 589 407 70 54 723 406 66 58 690 362 50 50
positive\1650158805.630734.jpg 7 609 386 70 36 684 347 56 45 790 353 64 43 735 422 61 59 642 630 130 70 319 580 152 110 36 608 221 165
positive\1650158807.5231948.jpg 8 563 531 73 84 626 668 129 158 785 421 63 74 809 333 43 54 725 312 54 47 562 411 83 62 408 447 108 66 337 525 157 80
positive\1650158810.204184.jpg 7 543 467 87 81 668 529 102 110 848 439 61 68 771 387 75 57 710 329 59 48 646 352 45 46 647 387 52 48
positive\1650158842.8519907.jpg 6 1028 404 113 70 1323 395 106 85 1259 325 64 64 1250 290 37 49 1089 315 49 59 1028 280 32 45
positive\1650158844.89134.jpg 9 1149 397 77 69 1096 338 34 48 1182 319 34 57 1243 297 30 46 1069 293 28 40 1048 318 26 41 1503 466 132 108 1187 582 109 83 1663 651 212 135
positive\1650158846.4992886.jpg 9 1043 497 92 66 990 868 170 119 1502 631 259 183 1344 420 78 86 1197 329 45 48 1090 368 62 56 1000 388 51 51 956 343 42 51 996 315 32 49
positive\1650158848.0246933.jpg 10 1001 440 68 66 886 452 49 68 845 399 39 62 909 356 37 53 910 306 29 46 801 303 34 49 1094 296 32 51 1150 368 43 56 1309 569 82 114 856 669 131 112
positive\1650158849.6160345.jpg 12 841 472 47 95 697 477 75 85 529 743 149 122 1044 650 104 104 774 377 60 55 674 414 69 56 1038 382 37 72 1014 314 25 46 865 287 28 40 733 283 40 31 704 312 40 34 767 326 63 42
positive\1650158852.3390882.jpg 15 784 442 104 61 664 457 91 51 512 557 140 77 487 679 220 110 1058 663 117 117 1221 465 72 76 1216 374 48 48 1128 355 52 47 1141 314 39 46 1036 297 48 48 1025 345 54 49 1001 266 34 35 953 302 44 37 918 373 52 41 854 338 53 42
positive\1650158855.7234128.jpg 12 903 392 71 58 1002 403 79 55 1113 427 68 66 1040 601 124 87 504 545 142 75 279 579 210 69 3 768 207 75 842 332 58 35 726 366 78 52 946 325 45 50 1050 347 53 53 904 284 40 32
positive\1650158857.5861444.jpg 9 914 379 62 52 879 311 43 46 777 359 57 62 617 441 102 61 663 530 114 91 848 461 90 90 996 500 81 65 1169 571 111 94 1051 415 53 50
positive\1650158858.9771059.jpg 8 741 421 63 78 839 352 55 67 919 440 77 84 1075 519 72 71 768 663 145 83 993 705 130 117 1283 896 160 111 435 590 161 83
positive\1650158860.6770673.jpg 5 604 716 172 126 1088 533 97 96 942 402 78 56 852 473 64 92 1362 637 86 111
positive\1650158861.833347.jpg 8 998 495 113 74 1213 502 117 110 1044 768 195 150 766 501 81 65 502 582 167 126 296 565 109 99 342 468 77 80 187 474 87 83
positive\1650158863.6140823.jpg 8 456 522 98 87 270 531 107 82 444 659 118 101 744 684 163 159 959 558 108 87 1231 540 123 104 1517 563 128 142 1 712 95 91
positive\1650158865.2954803.jpg 11 394 531 94 103 800 472 58 74 838 394 43 56 765 373 55 53 648 390 62 62 722 308 38 43 452 359 69 74 234 726 218 171 917 594 138 96 1142 568 140 120 1526 761 336 190
positive\1650158867.3034315.jpg 9 843 503 60 81 959 426 41 84 919 369 41 61 927 303 42 50 812 367 59 56 712 317 48 39 576 446 88 70 360 593 165 85 802 765 147 124
